.TS
l s ||	c	s |	c	s |	c	s |	c	s |	c	s |
c s |	n 	n ||	n 	n ||	n	n ||	n	n ||	n	n ||
n n ||	n |	n |	n |	n |	n |	n |	n |	n |	n |	n |
.
Cicles	Cicle 1	Cicle 2	Cicle 3	Cicle 4	Cicle 5
=
Canvi lògic	1	2	3	4	5	6	7	8	9	10
_
Conjunt 0	Bloc 0	0	0	0	0	0	0	0	16	16	16	
\^	Bloc 1	16	16	16	16	16	32	32	32	32	32	
\^	Bloc 2	32	32	32	48	48	48	48	48	48	48	
\^	Bloc 3	48	64	64	64	64	64	64	64	64	0	
_
Conjunt 1	Bloc 4	1	1	1	1	1	1	1	17	17	17	
\^	Bloc 5	17	17	17	17	17	33	33	33	33	33	
\^	Bloc 6	33	33	33	49	49	49	49	49	49	49	
\^	Bloc 7	49	65	65	65	65	65	65	65	65	1	
_
Conjunt 2	Bloc 8	2	2	2	2	2	2	2	18	18	18	
\^	Bloc 9	18	18	18	18	18	34	34	34	34	34	
\^	Bloc 10	34	34	34	50	50	50	50	50	50	50	
\^	Bloc 11	50	66	66	66	66	66	66	66	66	2	
_
Conjunt 3	Bloc 12	3	3	3	3	3	3	3	19	19	19	
\^	Bloc 13	19	19	19	19	19	35	35	35	35	35	
\^	Bloc 14	35	35	35	51	51	51	51	51	51	51	
\^	Bloc 15	51	67	67	67	67	67	67	67	67	3	
_
Conjunt 4	Bloc 16	4	4	4	4	4	4	4	4	4	4	
\^	Bloc 17	20	20	20	20	20	20	20	20	20	20	
\^	Bloc 18	36	36	36	36	36	36	36	36	36	36	
\^	Bloc 19	52	52	52	52	52	52	52	52	52	52	
_
Conjunt 5	Bloc 20	5	5	5	5	5	5	5	5	5	5	
\^	Bloc 21	21	21	21	21	21	21	21	21	21	21	
\^	Bloc 22	37	37	37	37	37	37	37	37	37	37	
\^	Bloc 23	53	53	53	53	53	53	53	53	53	53	
_
Conjunt 6	Bloc 24	6	6	6	6	6	6	6	6	6	6	
\^	Bloc 25	22	22	22	22	22	22	22	22	22	22	
\^	Bloc 26	38	38	38	38	38	38	38	38	38	38	
\^	Bloc 27	54	54	54	54	54	54	54	54	54	54	
_
Conjunt 7	Bloc 28	7	7	7	7	7	7	7	7	7	7	
\^	Bloc 29	23	23	23	23	23	23	23	23	23	23	
\^	Bloc 30	39	39	39	39	39	39	39	39	39	39	
\^	Bloc 31	55	55	55	55	55	55	55	55	55	55	
_
Conjunt 8	Bloc 32	8	8	8	8	8	8	8	8	8	8	
\^	Bloc 33	24	24	24	24	24	24	24	24	24	24	
\^	Bloc 34	40	40	40	40	40	40	40	40	40	40	
\^	Bloc 35	56	56	56	56	56	56	56	56	56	56	
_
Conjunt 9	Bloc 36	9	9	9	9	9	9	9	9	9	9	
\^	Bloc 37	25	25	25	25	25	25	25	25	25	25	
\^	Bloc 38	41	41	41	41	41	41	41	41	41	41	
\^	Bloc 39	57	57	57	57	57	57	57	57	57	57	
_
Conjunt 10	Bloc 40	10	10	10	10	10	10	10	10	10	10	
\^	Bloc 41	26	26	26	26	26	26	26	26	26	26	
\^	Bloc 42	42	42	42	42	42	42	42	42	42	42	
\^	Bloc 43	58	58	58	58	58	58	58	58	58	58	
_
Conjunt 11	Bloc 44	11	11	11	11	11	11	11	11	11	11	
\^	Bloc 45	27	27	27	27	27	27	27	27	27	27	
\^	Bloc 46	43	43	43	43	43	43	43	43	43	43	
\^	Bloc 47	59	59	59	59	59	59	59	59	59	59	
_
Conjunt 12	Bloc 48	12	12	12	12	12	12	12	12	12	12	
\^	Bloc 49	28	28	28	28	28	28	28	28	28	28	
\^	Bloc 50	44	44	44	44	44	44	44	44	44	44	
\^	Bloc 51	60	60	60	60	60	60	60	60	60	60	
_
Conjunt 13	Bloc 52	13	13	13	13	13	13	13	13	13	13	
\^	Bloc 53	29	29	29	29	29	29	29	29	29	29	
\^	Bloc 54	45	45	45	45	45	45	45	45	45	45	
\^	Bloc 55	61	61	61	61	61	61	61	61	61	61	
_
Conjunt 14	Bloc 56	14	14	14	14	14	14	14	14	14	14	
\^	Bloc 57	30	30	30	30	30	30	30	30	30	30	
\^	Bloc 58	46	46	46	46	46	46	46	46	46	46	
\^	Bloc 59	62	62	62	62	62	62	62	62	62	62	
_
Conjunt 15	Bloc 60	15	15	15	15	15	15	15	15	15	15	
\^	Bloc 61	31	31	31	31	31	31	31	31	31	31	
\^	Bloc 62	47	47	47	47	47	47	47	47	47	47	
\^	Bloc 63	63	63	63	63	63	63	63	63	63	63	
_
.TE
